{
	"text/css":76.10631,
	"text/html":303.32742,
	"audio/mpeg":172.75607,
	"application/json":76.4,
	"text/plain":71.59278,
	"application/pdf":131.23329,
}